

TREE # 1

  0  0.0000  18777.548454  x:  0.03696   0.00676   0.00000   0.00029   0.01608   0.06326   0.05227   0.00617   0.04613   0.02249   0.01142   0.02322   0.01305   0.00549   0.00102   0.00215   0.00558   0.02010   0.00384   0.00074   0.00136   0.00488   0.00252   0.00605   0.00172   0.00209   0.00086   0.00728   0.06574   0.08901   0.10890   0.09149   0.01388   0.00291   0.00349   0.01583   0.03597   0.00296   0.00508   0.03901   0.02635   0.04202   0.00511   0.00109   0.00175   0.00248   0.00483   0.00682   0.00936   0.00358   0.02307   0.01588   0.01989   0.01095   0.02590   0.01717   0.03810   0.01681   0.04580   0.02180   0.00395   0.01417   0.01816   0.06883   0.01811   0.01038   0.01098   0.00228   0.02712   0.06368   0.04694   0.06784   0.06246   0.06101   0.08030   0.07093   1.00000  
  1 99.0000  18764.356781  x:  0.03713   0.00716   0.00006   0.00436   0.01634   0.06329   0.05226   0.00636   0.04635   0.02252   0.01134   0.02319   0.01292   0.00532   0.00077   0.00158   0.00540   0.02008   0.00348   0.00072   0.00051   0.00479   0.00216   0.00592   0.00123   0.00154   0.00000   0.00719   0.06575   0.08910   0.10910   0.09166   0.01442   0.00274   0.00344   0.01583   0.03599   0.00244   0.00488   0.03890   0.02664   0.04208   0.00500   0.00027   0.00160   0.00213   0.00450   0.00670   0.00942   0.00331   0.02313   0.01569   0.01984   0.01077   0.02584   0.01708   0.03808   0.01717   0.04577   0.02177   0.00396   0.01397   0.01813   0.06899   0.01806   0.01018   0.01133   0.00288   0.02722   0.06373   0.04694   0.06788   0.06279   0.06098   0.08040   0.07110   0.99998  
  2 7683.0146  18762.260692  x:  0.03719   0.00725   0.00003   0.00433   0.01642   0.06330   0.05226   0.00639   0.04642   0.02253   0.01131   0.02318   0.01288   0.00527   0.00076   0.00144   0.00535   0.02008   0.00338   0.00072   0.00024   0.00476   0.00207   0.00588   0.00111   0.00139   0.00000   0.00717   0.06575   0.08913   0.10916   0.09172   0.01458   0.00269   0.00343   0.01582   0.03601   0.00229   0.00483   0.03886   0.02674   0.04209   0.00497   0.00000   0.00157   0.00204   0.00440   0.00667   0.00944   0.00324   0.02315   0.01564   0.01982   0.01071   0.02582   0.01705   0.03808   0.01727   0.04576   0.02176   0.00397   0.01391   0.01812   0.06904   0.01804   0.01011   0.01143   0.00300   0.02725   0.06375   0.04694   0.06789   0.06290   0.06098   0.08043   0.07116   0.99998  
  3 4023.4445  18761.510560  x:  0.03723   0.00729   0.00001   0.00433   0.01647   0.06330   0.05226   0.00640   0.04647   0.02253   0.01129   0.02317   0.01285   0.00525   0.00080   0.00145   0.00532   0.02008   0.00335   0.00072   0.00000   0.00475   0.00208   0.00586   0.00119   0.00141   0.00000   0.00715   0.06575   0.08915   0.10921   0.09176   0.01467   0.00266   0.00342   0.01582   0.03601   0.00224   0.00481   0.03883   0.02680   0.04210   0.00496   0.00000   0.00160   0.00204   0.00436   0.00665   0.00945   0.00321   0.02317   0.01559   0.01981   0.01068   0.02580   0.01703   0.03808   0.01734   0.04575   0.02176   0.00396   0.01387   0.01812   0.06907   0.01803   0.01007   0.01148   0.00300   0.02727   0.06377   0.04694   0.06790   0.06298   0.06097   0.08046   0.07120   0.99998  
  4 4296.4451  18761.434563  x:  0.03724   0.00729   0.00000   0.00433   0.01648   0.06331   0.05226   0.00640   0.04648   0.02253   0.01129   0.02317   0.01284   0.00525   0.00079   0.00146   0.00532   0.02008   0.00335   0.00072   0.00000   0.00475   0.00209   0.00586   0.00120   0.00142   0.00000   0.00715   0.06575   0.08916   0.10922   0.09177   0.01468   0.00266   0.00342   0.01582   0.03602   0.00224   0.00481   0.03882   0.02682   0.04211   0.00496   0.00000   0.00160   0.00204   0.00436   0.00665   0.00945   0.00320   0.02317   0.01558   0.01981   0.01067   0.02580   0.01703   0.03808   0.01735   0.04575   0.02176   0.00396   0.01386   0.01812   0.06908   0.01803   0.01006   0.01149   0.00299   0.02727   0.06377   0.04694   0.06790   0.06300   0.06097   0.08046   0.07121   0.99997  
  5 3782.1545  18758.818749  x:  0.03802   0.00719   0.00000   0.00435   0.01718   0.06340   0.05218   0.00642   0.04739   0.02262   0.01109   0.02303   0.01248   0.00530   0.00116   0.00193   0.00536   0.02003   0.00363   0.00060   0.00000   0.00482   0.00238   0.00587   0.00027   0.00178   0.00000   0.00713   0.06577   0.08962   0.11020   0.09265   0.01531   0.00265   0.00342   0.01577   0.03616   0.00260   0.00503   0.03823   0.02782   0.04232   0.00503   0.00000   0.00117   0.00241   0.00442   0.00662   0.00953   0.00329   0.02341   0.01497   0.01964   0.01025   0.02554   0.01675   0.03803   0.01816   0.04555   0.02164   0.00394   0.01325   0.01802   0.06981   0.01788   0.00956   0.01179   0.00240   0.02752   0.06402   0.04691   0.06804   0.06457   0.06079   0.08096   0.07199   0.99988  
  6 2920.9624  18756.742808  x:  0.03892   0.00676   0.00000   0.00435   0.01782   0.06352   0.05209   0.00633   0.04840   0.02270   0.01095   0.02291   0.01220   0.00552   0.00125   0.00173   0.00559   0.02000   0.00418   0.00072   0.00000   0.00496   0.00224   0.00603   0.00057   0.00130   0.00000   0.00720   0.06580   0.09016   0.11139   0.09370   0.01550   0.00281   0.00344   0.01572   0.03633   0.00341   0.00537   0.03756   0.02879   0.04257   0.00518   0.00000   0.00043   0.00259   0.00482   0.00672   0.00958   0.00364   0.02367   0.01441   0.01949   0.00996   0.02529   0.01650   0.03798   0.01882   0.04531   0.02154   0.00394   0.01272   0.01795   0.07066   0.01778   0.00918   0.01185   0.00229   0.02779   0.06431   0.04689   0.06823   0.06638   0.06058   0.08156   0.07289   0.99976  
  7 3225.5016  18753.571189  x:  0.04051   0.00591   0.00000   0.00437   0.01887   0.06373   0.05192   0.00613   0.05016   0.02285   0.01074   0.02271   0.01176   0.00595   0.00126   0.00125   0.00603   0.01995   0.00518   0.00087   0.00000   0.00522   0.00191   0.00634   0.00071   0.00035   0.00000   0.00737   0.06585   0.09115   0.11351   0.09557   0.01563   0.00313   0.00349   0.01564   0.03662   0.00492   0.00596   0.03640   0.03042   0.04299   0.00545   0.00000   0.00107   0.00282   0.00561   0.00694   0.00964   0.00432   0.02411   0.01348   0.01924   0.00953   0.02486   0.01610   0.03790   0.01985   0.04490   0.02138   0.00397   0.01187   0.01784   0.07216   0.01762   0.00862   0.01184   0.00229   0.02828   0.06485   0.04685   0.06857   0.06958   0.06022   0.08263   0.07448   0.99954  
  8 10604.1080  18752.119979  x:  0.04149   0.00551   0.00000   0.00435   0.01935   0.06388   0.05183   0.00600   0.05121   0.02295   0.01071   0.02263   0.01162   0.00617   0.00124   0.00053   0.00628   0.01996   0.00563   0.00075   0.00000   0.00532   0.00145   0.00653   0.00076   0.00115   0.00000   0.00750   0.06589   0.09178   0.11488   0.09676   0.01547   0.00329   0.00350   0.01562   0.03682   0.00572   0.00616   0.03573   0.03126   0.04325   0.00556   0.00000   0.00126   0.00257   0.00606   0.00710   0.00965   0.00469   0.02436   0.01308   0.01914   0.00944   0.02465   0.01594   0.03787   0.02026   0.04466   0.02131   0.00402   0.01153   0.01782   0.07310   0.01759   0.00848   0.01172   0.00292   0.02858   0.06519   0.04684   0.06881   0.07154   0.06000   0.08331   0.07546   0.99940  
  9 4547.5333  18750.296284  x:  0.04301   0.00557   0.00000   0.00428   0.01960   0.06415   0.05172   0.00583   0.05277   0.02310   0.01092   0.02266   0.01181   0.00629   0.00121   0.00187   0.00645   0.02007   0.00569   0.00041   0.00000   0.00525   0.00134   0.00669   0.00076   0.00134   0.00000   0.00769   0.06600   0.09287   0.11720   0.09876   0.01470   0.00329   0.00344   0.01568   0.03716   0.00645   0.00592   0.03483   0.03208   0.04367   0.00549   0.00000   0.00130   0.00141   0.00648   0.00733   0.00956   0.00495   0.02467   0.01302   0.01916   0.00978   0.02451   0.01597   0.03787   0.02025   0.04434   0.02134   0.00413   0.01162   0.01793   0.07460   0.01774   0.00884   0.01127   0.00456   0.02902   0.06580   0.04689   0.06925   0.07458   0.05967   0.08446   0.07697   0.99915  
 10 2211.5233  18749.382642  x:  0.04404   0.00589   0.00000   0.00425   0.01958   0.06436   0.05168   0.00576   0.05380   0.02320   0.01114   0.02274   0.01208   0.00627   0.00135   0.00215   0.00646   0.02019   0.00550   0.00152   0.00000   0.00514   0.00181   0.00672   0.00066   0.00149   0.00000   0.00779   0.06611   0.09367   0.11889   0.10020   0.01410   0.00320   0.00339   0.01577   0.03741   0.00675   0.00559   0.03430   0.03243   0.04396   0.00540   0.00000   0.00133   0.00118   0.00661   0.00744   0.00947   0.00497   0.02484   0.01321   0.01925   0.01016   0.02451   0.01611   0.03791   0.02001   0.04416   0.02141   0.00418   0.01192   0.01806   0.07566   0.01790   0.00928   0.01090   0.00520   0.02929   0.06624   0.04694   0.06958   0.07665   0.05945   0.08529   0.07801   0.99897  
 11 3238.9664  18746.051116  x:  0.04704   0.00729   0.00000   0.00418   0.01898   0.06506   0.05165   0.00576   0.05663   0.02350   0.01195   0.02318   0.01322   0.00594   0.00129   0.00145   0.00621   0.02065   0.00439   0.00081   0.00000   0.00477   0.00312   0.00662   0.00073   0.00124   0.00000   0.00796   0.06651   0.09617   0.12413   0.10462   0.01238   0.00280   0.00331   0.01618   0.03821   0.00709   0.00437   0.03308   0.03283   0.04485   0.00513   0.00000   0.00128   0.00297   0.00653   0.00762   0.00918   0.00463   0.02523   0.01441   0.01974   0.01158   0.02478   0.01683   0.03812   0.01870   0.04377   0.02180   0.00423   0.01339   0.01859   0.07879   0.01857   0.01094   0.00982   0.00538   0.02998   0.06761   0.04720   0.07061   0.08263   0.05887   0.08786   0.08101   0.99840  
 12 2986.3874  18743.738968  x:  0.04886   0.00738   0.00000   0.00419   0.01797   0.06570   0.05188   0.00596   0.05808   0.02368   0.01242   0.02371   0.01408   0.00583   0.00128   0.00128   0.00603   0.02108   0.00388   0.00083   0.00000   0.00513   0.00181   0.00651   0.00077   0.00125   0.00000   0.00792   0.06697   0.09807   0.12806   0.10780   0.01250   0.00324   0.00360   0.01660   0.03881   0.00684   0.00484   0.03307   0.03214   0.04545   0.00528   0.00000   0.00130   0.00172   0.00608   0.00751   0.00920   0.00421   0.02529   0.01573   0.02033   0.01245   0.02541   0.01760   0.03851   0.01743   0.04386   0.02228   0.00425   0.01471   0.01905   0.08089   0.01909   0.01195   0.01003   0.00290   0.03023   0.06866   0.04755   0.07143   0.08628   0.05863   0.08976   0.08283   0.99794  
 13 1398.3274  18742.425002  x:  0.04976   0.00623   0.00000   0.00411   0.01694   0.06648   0.05254   0.00609   0.05831   0.02376   0.01240   0.02433   0.01444   0.00621   0.00131   0.00144   0.00627   0.02147   0.00477   0.00086   0.00000   0.00545   0.00227   0.00666   0.00076   0.00129   0.00000   0.00786   0.06767   0.09983   0.13157   0.11045   0.01413   0.00388   0.00361   0.01694   0.03931   0.00601   0.00596   0.03440   0.03042   0.04587   0.00575   0.00000   0.00131   0.00229   0.00573   0.00739   0.00971   0.00420   0.02511   0.01684   0.02097   0.01257   0.02640   0.01827   0.03918   0.01677   0.04462   0.02282   0.00451   0.01553   0.01938   0.08237   0.01938   0.01207   0.01158   0.00370   0.03029   0.06967   0.04813   0.07241   0.08823   0.05879   0.09140   0.08373   0.99748  
 14 723.8518  18741.177554  x:  0.04996   0.00666   0.00000   0.00395   0.01722   0.06786   0.05404   0.00599   0.05732   0.02393   0.01196   0.02498   0.01403   0.00654   0.00133   0.00136   0.00680   0.02183   0.00573   0.00080   0.00000   0.00477   0.00242   0.00708   0.00078   0.00130   0.00000   0.00817   0.06902   0.10217   0.13609   0.11355   0.01430   0.00297   0.00345   0.01714   0.03986   0.00512   0.00515   0.03736   0.02832   0.04631   0.00530   0.00000   0.00132   0.00197   0.00655   0.00783   0.01025   0.00513   0.02494   0.01710   0.02148   0.01179   0.02767   0.01857   0.04042   0.01783   0.04651   0.02337   0.00406   0.01532   0.01953   0.08374   0.01943   0.01109   0.01089   0.00335   0.03013   0.07101   0.04928   0.07392   0.08883   0.05962   0.09347   0.08393   0.99680  
 15 481.9802  18740.657797  x:  0.04981   0.00691   0.00000   0.00385   0.01771   0.06861   0.05488   0.00611   0.05662   0.02409   0.01200   0.02515   0.01387   0.00629   0.00138   0.00168   0.00656   0.02192   0.00527   0.00101   0.00000   0.00547   0.00178   0.00690   0.00077   0.00138   0.00000   0.00816   0.06979   0.10333   0.13830   0.11495   0.01372   0.00340   0.00389   0.01713   0.04001   0.00506   0.00521   0.03873   0.02813   0.04653   0.00556   0.00000   0.00134   0.00257   0.00666   0.00781   0.01008   0.00503   0.02499   0.01688   0.02153   0.01161   0.02800   0.01852   0.04098   0.01838   0.04752   0.02354   0.00442   0.01502   0.01955   0.08421   0.01949   0.01085   0.01065   0.00354   0.03013   0.07166   0.04991   0.07471   0.08854   0.06021   0.09444   0.08377   0.99641  
 16 540.3432  18740.253122  x:  0.04956   0.00688   0.00000   0.00376   0.01816   0.06929   0.05561   0.00624   0.05596   0.02426   0.01219   0.02518   0.01382   0.00610   0.00137   0.00143   0.00631   0.02195   0.00469   0.00081   0.00000   0.00586   0.00257   0.00672   0.00080   0.00134   0.00000   0.00810   0.07050   0.10433   0.14020   0.11606   0.01327   0.00388   0.00399   0.01707   0.04006   0.00537   0.00562   0.03974   0.02852   0.04672   0.00581   0.00000   0.00134   0.00210   0.00660   0.00771   0.00982   0.00475   0.02514   0.01655   0.02147   0.01166   0.02809   0.01839   0.04138   0.01866   0.04835   0.02359   0.00460   0.01475   0.01956   0.08451   0.01957   0.01087   0.01068   0.00351   0.03019   0.07221   0.05045   0.07539   0.08796   0.06083   0.09525   0.08353   0.99603  
 17 693.7717  18739.725015  x:  0.04907   0.00672   0.00000   0.00360   0.01842   0.07017   0.05650   0.00631   0.05515   0.02453   0.01266   0.02504   0.01406   0.00627   0.00141   0.00152   0.00632   0.02188   0.00433   0.00089   0.00000   0.00499   0.00226   0.00677   0.00081   0.00136   0.00000   0.00807   0.07149   0.10563   0.14269   0.11736   0.01354   0.00371   0.00318   0.01696   0.03998   0.00623   0.00584   0.04046   0.03003   0.04698   0.00568   0.00000   0.00136   0.00228   0.00627   0.00760   0.00961   0.00431   0.02554   0.01611   0.02125   0.01221   0.02778   0.01819   0.04169   0.01832   0.04924   0.02345   0.00410   0.01461   0.01962   0.08468   0.01975   0.01146   0.01116   0.00352   0.03043   0.07289   0.05111   0.07629   0.08661   0.06182   0.09627   0.08304   0.99543  
 18 409.0768  18739.382356  x:  0.04873   0.00695   0.00000   0.00347   0.01826   0.07070   0.05693   0.00628   0.05486   0.02470   0.01280   0.02488   0.01428   0.00638   0.00144   0.00150   0.00652   0.02179   0.00482   0.00088   0.00000   0.00527   0.00231   0.00692   0.00083   0.00137   0.00000   0.00814   0.07213   0.10645   0.14432   0.11805   0.01426   0.00324   0.00412   0.01703   0.03989   0.00659   0.00528   0.04030   0.03130   0.04717   0.00547   0.00000   0.00138   0.00221   0.00603   0.00769   0.00981   0.00437   0.02585   0.01604   0.02113   0.01256   0.02736   0.01816   0.04169   0.01799   0.04958   0.02335   0.00443   0.01476   0.01970   0.08465   0.01983   0.01184   0.01133   0.00350   0.03069   0.07326   0.05143   0.07684   0.08536   0.06255   0.09687   0.08269   0.99491  
 19 332.0154  18738.917108  x:  0.04851   0.00706   0.00000   0.00322   0.01779   0.07111   0.05700   0.00641   0.05534   0.02480   0.01236   0.02476   0.01431   0.00603   0.00149   0.00150   0.00642   0.02175   0.00513   0.00087   0.00000   0.00598   0.00234   0.00678   0.00085   0.00138   0.00000   0.00817   0.07274   0.10725   0.14605   0.11845   0.01450   0.00341   0.00304   0.01726   0.03983   0.00587   0.00501   0.03885   0.03213   0.04737   0.00588   0.00000   0.00139   0.00216   0.00611   0.00785   0.01029   0.00482   0.02608   0.01654   0.02126   0.01228   0.02685   0.01839   0.04132   0.01823   0.04932   0.02329   0.00472   0.01518   0.01984   0.08443   0.01970   0.01155   0.01095   0.00341   0.03108   0.07349   0.05150   0.07730   0.08358   0.06348   0.09738   0.08248   0.99401  
 20 175.8334  18738.226587  x:  0.04840   0.00683   0.00000   0.00280   0.01748   0.07151   0.05681   0.00645   0.05646   0.02481   0.01178   0.02474   0.01413   0.00605   0.00158   0.00157   0.00629   0.02181   0.00486   0.00088   0.00000   0.00506   0.00237   0.00671   0.00086   0.00140   0.00000   0.00813   0.07341   0.10821   0.14826   0.11872   0.01406   0.00387   0.00386   0.01754   0.03987   0.00448   0.00575   0.03643   0.03244   0.04756   0.00576   0.00000   0.00138   0.00228   0.00635   0.00781   0.01042   0.00494   0.02618   0.01716   0.02153   0.01159   0.02643   0.01871   0.04067   0.01887   0.04858   0.02324   0.00408   0.01551   0.01994   0.08404   0.01948   0.01086   0.01086   0.00341   0.03153   0.07366   0.05136   0.07777   0.08118   0.06468   0.09792   0.08237   0.99251  
 21 381.1815  18737.347992  x:  0.04869   0.00693   0.00000   0.00221   0.01828   0.07150   0.05617   0.00603   0.05799   0.02454   0.01221   0.02494   0.01376   0.00690   0.00170   0.00157   0.00668   0.02201   0.00448   0.00087   0.00000   0.00551   0.00237   0.00711   0.00090   0.00141   0.00000   0.00806   0.07357   0.10876   0.15007   0.11848   0.01392   0.00303   0.00350   0.01741   0.04010   0.00408   0.00581   0.03463   0.03098   0.04753   0.00504   0.00000   0.00139   0.00229   0.00630   0.00744   0.00931   0.00405   0.02577   0.01679   0.02158   0.01134   0.02684   0.01859   0.04011   0.01919   0.04741   0.02351   0.00489   0.01486   0.01970   0.08356   0.01948   0.01060   0.01173   0.00323   0.03158   0.07350   0.05083   0.07783   0.07944   0.06550   0.09811   0.08265   0.99040  
 22 235.7185  18736.319975  x:  0.04926   0.00740   0.00000   0.00146   0.01925   0.07109   0.05529   0.00635   0.05939   0.02418   0.01274   0.02511   0.01351   0.00610   0.00185   0.00156   0.00629   0.02209   0.00450   0.00086   0.00000   0.00541   0.00240   0.00670   0.00096   0.00142   0.00000   0.00799   0.07322   0.10884   0.15126   0.11781   0.01486   0.00332   0.00370   0.01707   0.04032   0.00446   0.00495   0.03432   0.02943   0.04735   0.00624   0.00000   0.00143   0.00219   0.00566   0.00748   0.00947   0.00399   0.02531   0.01579   0.02134   0.01167   0.02755   0.01812   0.03989   0.01916   0.04622   0.02363   0.00389   0.01388   0.01934   0.08313   0.01961   0.01087   0.01187   0.00332   0.03125   0.07308   0.05013   0.07750   0.07876   0.06577   0.09794   0.08323   0.98781  
 23 316.1214  18735.609629  x:  0.04972   0.00706   0.00000   0.00095   0.01923   0.07059   0.05477   0.00660   0.05974   0.02407   0.01243   0.02501   0.01356   0.00550   0.00195   0.00158   0.00582   0.02190   0.00416   0.00086   0.00000   0.00500   0.00239   0.00634   0.00099   0.00143   0.00000   0.00790   0.07265   0.10847   0.15133   0.11718   0.01513   0.00324   0.00364   0.01700   0.04032   0.00420   0.00539   0.03551   0.02973   0.04719   0.00522   0.00000   0.00144   0.00225   0.00518   0.00754   0.01044   0.00430   0.02535   0.01533   0.02105   0.01179   0.02771   0.01780   0.04011   0.01934   0.04592   0.02359   0.00479   0.01382   0.01929   0.08300   0.01958   0.01096   0.01142   0.00329   0.03096   0.07269   0.04979   0.07702   0.07946   0.06538   0.09756   0.08369   0.98592  
 24 271.1715  18735.199099  x:  0.04994   0.00727   0.00000   0.00065   0.01886   0.07025   0.05462   0.00644   0.05951   0.02415   0.01202   0.02482   0.01364   0.00614   0.00202   0.00159   0.00607   0.02173   0.00399   0.00086   0.00000   0.00548   0.00243   0.00659   0.00100   0.00144   0.00000   0.00787   0.07220   0.10804   0.15095   0.11679   0.01494   0.00313   0.00361   0.01704   0.04019   0.00350   0.00538   0.03660   0.03066   0.04708   0.00542   0.00000   0.00144   0.00226   0.00535   0.00738   0.01037   0.00394   0.02557   0.01548   0.02096   0.01157   0.02748   0.01777   0.04036   0.01952   0.04612   0.02336   0.00420   0.01413   0.01939   0.08306   0.01945   0.01079   0.01158   0.00328   0.03089   0.07247   0.04974   0.07665   0.08047   0.06487   0.09724   0.08391   0.98473  
 25 275.6075  18735.133476  x:  0.04991   0.00730   0.00000   0.00060   0.01881   0.07023   0.05473   0.00637   0.05928   0.02422   0.01210   0.02480   0.01359   0.00589   0.00203   0.00159   0.00607   0.02177   0.00421   0.00086   0.00000   0.00519   0.00241   0.00655   0.00101   0.00144   0.00000   0.00790   0.07214   0.10791   0.15071   0.11677   0.01489   0.00318   0.00361   0.01707   0.04012   0.00345   0.00522   0.03661   0.03082   0.04708   0.00564   0.00000   0.00144   0.00224   0.00542   0.00740   0.00990   0.00388   0.02563   0.01569   0.02105   0.01144   0.02733   0.01790   0.04039   0.01958   0.04632   0.02336   0.00447   0.01418   0.01942   0.08313   0.01941   0.01066   0.01178   0.00324   0.03097   0.07248   0.04984   0.07661   0.08080   0.06470   0.09717   0.08388   0.98445  
 26 124.9372  18735.100339  x:  0.04980   0.00727   0.00000   0.00057   0.01886   0.07029   0.05496   0.00644   0.05899   0.02431   0.01226   0.02483   0.01350   0.00575   0.00203   0.00159   0.00599   0.02187   0.00416   0.00086   0.00000   0.00533   0.00241   0.00648   0.00101   0.00144   0.00000   0.00790   0.07216   0.10780   0.15039   0.11682   0.01499   0.00310   0.00361   0.01710   0.04005   0.00357   0.00526   0.03630   0.03076   0.04713   0.00544   0.00000   0.00145   0.00224   0.00535   0.00745   0.00972   0.00404   0.02563   0.01588   0.02120   0.01136   0.02718   0.01807   0.04036   0.01957   0.04659   0.02340   0.00429   0.01411   0.01943   0.08325   0.01941   0.01055   0.01180   0.00327   0.03110   0.07256   0.05002   0.07663   0.08112   0.06455   0.09714   0.08377   0.98416  
 27 74.2145  18735.075417  x:  0.04965   0.00726   0.00000   0.00056   0.01896   0.07039   0.05524   0.00645   0.05867   0.02437   0.01232   0.02487   0.01345   0.00596   0.00204   0.00159   0.00601   0.02194   0.00404   0.00086   0.00000   0.00525   0.00242   0.00652   0.00101   0.00144   0.00000   0.00788   0.07223   0.10770   0.14999   0.11694   0.01506   0.00316   0.00362   0.01712   0.04000   0.00358   0.00522   0.03586   0.03064   0.04721   0.00556   0.00000   0.00145   0.00224   0.00529   0.00742   0.00996   0.00399   0.02558   0.01589   0.02128   0.01139   0.02709   0.01813   0.04030   0.01955   0.04685   0.02347   0.00440   0.01401   0.01941   0.08340   0.01945   0.01056   0.01168   0.00326   0.03122   0.07267   0.05022   0.07671   0.08142   0.06440   0.09714   0.08362   0.98380  
 28 73.5841  18735.062568  x:  0.04956   0.00728   0.00000   0.00055   0.01898   0.07049   0.05540   0.00642   0.05854   0.02436   0.01222   0.02489   0.01350   0.00582   0.00204   0.00159   0.00604   0.02190   0.00418   0.00086   0.00000   0.00528   0.00241   0.00653   0.00101   0.00144   0.00000   0.00789   0.07231   0.10766   0.14970   0.11706   0.01499   0.00316   0.00360   0.01711   0.04002   0.00347   0.00527   0.03561   0.03057   0.04726   0.00550   0.00000   0.00144   0.00224   0.00536   0.00739   0.01007   0.00387   0.02555   0.01573   0.02122   0.01146   0.02714   0.01804   0.04025   0.01952   0.04694   0.02348   0.00436   0.01400   0.01940   0.08351   0.01947   0.01065   0.01173   0.00324   0.03124   0.07276   0.05032   0.07680   0.08157   0.06434   0.09717   0.08353   0.98346  
 29 49.6011  18735.046557  x:  0.04945   0.00726   0.00000   0.00055   0.01887   0.07063   0.05553   0.00645   0.05854   0.02428   0.01207   0.02489   0.01359   0.00588   0.00204   0.00159   0.00599   0.02180   0.00408   0.00086   0.00000   0.00527   0.00241   0.00648   0.00101   0.00144   0.00000   0.00790   0.07248   0.10765   0.14925   0.11729   0.01499   0.00313   0.00361   0.01709   0.04012   0.00342   0.00523   0.03546   0.03053   0.04730   0.00554   0.00000   0.00144   0.00224   0.00536   0.00745   0.00992   0.00408   0.02555   0.01555   0.02107   0.01147   0.02730   0.01786   0.04020   0.01948   0.04691   0.02344   0.00438   0.01410   0.01941   0.08366   0.01946   0.01067   0.01182   0.00322   0.03116   0.07289   0.05036   0.07697   0.08165   0.06432   0.09726   0.08342   0.98278  
 30 40.1674  18735.010570  x:  0.04931   0.00734   0.00000   0.00054   0.01869   0.07089   0.05561   0.00645   0.05877   0.02414   0.01216   0.02484   0.01356   0.00586   0.00204   0.00158   0.00603   0.02172   0.00412   0.00086   0.00000   0.00525   0.00241   0.00657   0.00101   0.00143   0.00000   0.00787   0.07283   0.10770   0.14826   0.11783   0.01512   0.00323   0.00360   0.01711   0.04036   0.00360   0.00526   0.03551   0.03059   0.04732   0.00548   0.00000   0.00144   0.00224   0.00522   0.00738   0.00982   0.00387   0.02558   0.01565   0.02095   0.01132   0.02757   0.01780   0.04012   0.01952   0.04664   0.02334   0.00438   0.01420   0.01942   0.08392   0.01937   0.01051   0.01156   0.00328   0.03092   0.07312   0.05030   0.07733   0.08163   0.06438   0.09748   0.08328   0.98086  
 31 61.8595  18734.956968  x:  0.04921   0.00714   0.00000   0.00055   0.01880   0.07116   0.05556   0.00639   0.05915   0.02410   0.01245   0.02479   0.01343   0.00582   0.00204   0.00158   0.00598   0.02179   0.00406   0.00086   0.00000   0.00528   0.00240   0.00643   0.00101   0.00143   0.00000   0.00789   0.07322   0.10781   0.14698   0.11852   0.01497   0.00299   0.00363   0.01712   0.04054   0.00353   0.00518   0.03579   0.03077   0.04731   0.00559   0.00000   0.00144   0.00223   0.00537   0.00738   0.01010   0.00387   0.02563   0.01590   0.02108   0.01136   0.02761   0.01800   0.04011   0.01955   0.04627   0.02331   0.00439   0.01405   0.01941   0.08419   0.01937   0.01052   0.01178   0.00326   0.03074   0.07337   0.05014   0.07774   0.08148   0.06451   0.09779   0.08318   0.97777  
 32 138.2290  18734.905181  x:  0.04925   0.00746   0.00000   0.00054   0.01907   0.07126   0.05543   0.00643   0.05944   0.02420   0.01242   0.02483   0.01343   0.00592   0.00203   0.00157   0.00603   0.02193   0.00414   0.00086   0.00000   0.00526   0.00240   0.00656   0.00101   0.00143   0.00000   0.00792   0.07341   0.10795   0.14602   0.11902   0.01498   0.00333   0.00359   0.01710   0.04052   0.00337   0.00526   0.03605   0.03082   0.04726   0.00543   0.00000   0.00144   0.00223   0.00540   0.00749   0.01008   0.00410   0.02565   0.01595   0.02130   0.01153   0.02737   0.01820   0.04019   0.01956   0.04610   0.02341   0.00441   0.01391   0.01940   0.08429   0.01948   0.01071   0.01193   0.00324   0.03082   0.07348   0.05002   0.07796   0.08129   0.06464   0.09802   0.08322   0.97452  
 33 188.5828  18734.792716  x:  0.04955   0.00724   0.00000   0.00054   0.01930   0.07119   0.05510   0.00649   0.05975   0.02451   0.01182   0.02502   0.01364   0.00583   0.00203   0.00155   0.00605   0.02215   0.00415   0.00086   0.00000   0.00528   0.00239   0.00663   0.00100   0.00141   0.00000   0.00789   0.07345   0.10825   0.14481   0.11966   0.01512   0.00297   0.00363   0.01710   0.04021   0.00329   0.00542   0.03634   0.03065   0.04718   0.00564   0.00000   0.00143   0.00222   0.00517   0.00744   0.00974   0.00397   0.02560   0.01570   0.02160   0.01161   0.02677   0.01830   0.04045   0.01959   0.04622   0.02368   0.00438   0.01399   0.01944   0.08425   0.01966   0.01089   0.01155   0.00330   0.03133   0.07349   0.04991   0.07807   0.08091   0.06491   0.09836   0.08351   0.96754  
 34 237.6501  18734.619491  x:  0.05006   0.00702   0.00000   0.00055   0.01902   0.07086   0.05470   0.00623   0.05978   0.02473   0.01175   0.02517   0.01377   0.00589   0.00202   0.00152   0.00593   0.02217   0.00393   0.00085   0.00000   0.00528   0.00237   0.00627   0.00099   0.00139   0.00000   0.00787   0.07315   0.10864   0.14386   0.12011   0.01519   0.00335   0.00362   0.01715   0.03968   0.00356   0.00483   0.03636   0.03036   0.04717   0.00530   0.00000   0.00142   0.00218   0.00541   0.00729   0.00988   0.00371   0.02551   0.01543   0.02148   0.01139   0.02643   0.01802   0.04074   0.01962   0.04677   0.02385   0.00428   0.01431   0.01948   0.08396   0.01961   0.01061   0.01175   0.00331   0.03199   0.07330   0.04993   0.07789   0.08050   0.06522   0.09866   0.08403   0.95665  
 35 408.9823  18734.335117  x:  0.05078   0.00775   0.00000   0.00055   0.01849   0.07022   0.05432   0.00639   0.05945   0.02467   0.01247   0.02510   0.01359   0.00576   0.00200   0.00145   0.00587   0.02190   0.00387   0.00084   0.00000   0.00520   0.00231   0.00648   0.00097   0.00135   0.00000   0.00785   0.07242   0.10914   0.14312   0.12036   0.01494   0.00295   0.00360   0.01719   0.03905   0.00360   0.00539   0.03607   0.03020   0.04720   0.00559   0.00000   0.00140   0.00213   0.00536   0.00736   0.01025   0.00387   0.02544   0.01538   0.02090   0.01116   0.02662   0.01754   0.04097   0.01955   0.04769   0.02377   0.00437   0.01446   0.01943   0.08337   0.01936   0.01017   0.01206   0.00341   0.03253   0.07284   0.05008   0.07735   0.08007   0.06551   0.09889   0.08474   0.93835  
 36 850.8372  18733.997257  x:  0.05117   0.00710   0.00000   0.00058   0.01864   0.06962   0.05434   0.00664   0.05877   0.02422   0.01279   0.02472   0.01318   0.00577   0.00197   0.00140   0.00604   0.02149   0.00408   0.00084   0.00000   0.00525   0.00228   0.00662   0.00094   0.00129   0.00000   0.00782   0.07158   0.10943   0.14323   0.12006   0.01480   0.00317   0.00357   0.01708   0.03896   0.00264   0.00506   0.03560   0.03051   0.04724   0.00541   0.00000   0.00136   0.00210   0.00479   0.00745   0.00989   0.00388   0.02551   0.01574   0.02050   0.01137   0.02738   0.01757   0.04076   0.01950   0.04825   0.02332   0.00427   0.01392   0.01928   0.08278   0.01923   0.01044   0.01169   0.00345   0.03214   0.07228   0.05027   0.07662   0.08000   0.06552   0.09881   0.08513   0.91746  
 37 941.4962  18733.690896  x:  0.05100   0.00744   0.00000   0.00060   0.01892   0.06928   0.05466   0.00623   0.05806   0.02379   0.01189   0.02442   0.01317   0.00577   0.00195   0.00134   0.00580   0.02134   0.00377   0.00083   0.00000   0.00518   0.00223   0.00617   0.00092   0.00125   0.00000   0.00778   0.07099   0.10930   0.14403   0.11928   0.01533   0.00303   0.00356   0.01704   0.03941   0.00280   0.00526   0.03525   0.03072   0.04720   0.00545   0.00000   0.00134   0.00205   0.00548   0.00723   0.00972   0.00373   0.02553   0.01616   0.02083   0.01147   0.02786   0.01809   0.04020   0.01946   0.04809   0.02299   0.00435   0.01364   0.01925   0.08240   0.01925   0.01077   0.01157   0.00364   0.03115   0.07184   0.05033   0.07600   0.08023   0.06518   0.09840   0.08496   0.89809  
 38 1021.5054  18733.470247  x:  0.05033   0.00746   0.00000   0.00061   0.01895   0.06932   0.05503   0.00656   0.05776   0.02390   0.01146   0.02448   0.01352   0.00560   0.00193   0.00129   0.00580   0.02167   0.00367   0.00082   0.00000   0.00516   0.00218   0.00661   0.00091   0.00122   0.00000   0.00775   0.07090   0.10880   0.14512   0.11832   0.01489   0.00301   0.00353   0.01704   0.03995   0.00314   0.00496   0.03525   0.03071   0.04706   0.00540   0.00000   0.00133   0.00198   0.00492   0.00726   0.01002   0.00367   0.02544   0.01587   0.02133   0.01113   0.02742   0.01821   0.03971   0.01958   0.04729   0.02309   0.00432   0.01396   0.01932   0.08240   0.01926   0.01042   0.01209   0.00371   0.03041   0.07172   0.05023   0.07573   0.08068   0.06460   0.09781   0.08429   0.88442  
 39 677.3104  18733.339671  x:  0.04968   0.00752   0.00000   0.00062   0.01876   0.06953   0.05520   0.00642   0.05780   0.02420   0.01204   0.02463   0.01358   0.00579   0.00192   0.00126   0.00582   0.02192   0.00384   0.00082   0.00000   0.00515   0.00216   0.00612   0.00090   0.00119   0.00000   0.00774   0.07110   0.10821   0.14602   0.11757   0.01496   0.00300   0.00352   0.01699   0.04013   0.00272   0.00512   0.03542   0.03062   0.04689   0.00540   0.00000   0.00131   0.00197   0.00492   0.00727   0.00989   0.00368   0.02536   0.01542   0.02130   0.01109   0.02675   0.01789   0.03957   0.01955   0.04653   0.02330   0.00431   0.01414   0.01930   0.08260   0.01927   0.01023   0.01182   0.00374   0.03036   0.07181   0.05007   0.07575   0.08109   0.06407   0.09729   0.08363   0.87664  
 40 476.7685  18733.293171  x:  0.04936   0.00743   0.00000   0.00063   0.01860   0.06969   0.05516   0.00639   0.05795   0.02428   0.01210   0.02465   0.01336   0.00559   0.00192   0.00126   0.00578   0.02182   0.00362   0.00082   0.00000   0.00515   0.00217   0.00649   0.00089   0.00119   0.00000   0.00773   0.07131   0.10783   0.14641   0.11723   0.01511   0.00302   0.00354   0.01698   0.03999   0.00262   0.00508   0.03553   0.03051   0.04681   0.00540   0.00000   0.00131   0.00198   0.00517   0.00722   0.00984   0.00370   0.02533   0.01549   0.02107   0.01118   0.02655   0.01776   0.03967   0.01954   0.04627   0.02335   0.00431   0.01406   0.01924   0.08278   0.01924   0.01030   0.01176   0.00373   0.03067   0.07194   0.04996   0.07587   0.08126   0.06382   0.09704   0.08331   0.87408  
 41 212.4986  18733.252998  x:  0.04907   0.00751   0.00000   0.00062   0.01853   0.06989   0.05499   0.00649   0.05819   0.02425   0.01184   0.02462   0.01312   0.00569   0.00191   0.00125   0.00574   0.02156   0.00371   0.00082   0.00000   0.00514   0.00215   0.00631   0.00089   0.00118   0.00000   0.00771   0.07160   0.10734   0.14678   0.11692   0.01498   0.00299   0.00353   0.01698   0.03966   0.00274   0.00506   0.03561   0.03037   0.04673   0.00538   0.00000   0.00131   0.00196   0.00500   0.00721   0.00986   0.00362   0.02532   0.01578   0.02081   0.01123   0.02658   0.01776   0.03990   0.01960   0.04616   0.02331   0.00432   0.01390   0.01917   0.08301   0.01919   0.01042   0.01183   0.00373   0.03116   0.07214   0.04983   0.07610   0.08139   0.06358   0.09677   0.08302   0.87221  
 42 134.5553  18733.225901  x:  0.04898   0.00750   0.00000   0.00063   0.01873   0.07002   0.05474   0.00630   0.05836   0.02407   0.01190   0.02455   0.01345   0.00561   0.00191   0.00124   0.00592   0.02151   0.00363   0.00082   0.00000   0.00514   0.00215   0.00629   0.00089   0.00118   0.00000   0.00773   0.07184   0.10686   0.14698   0.11674   0.01501   0.00300   0.00354   0.01697   0.03932   0.00270   0.00508   0.03559   0.03043   0.04671   0.00540   0.00000   0.00130   0.00196   0.00493   0.00727   0.00990   0.00368   0.02533   0.01573   0.02092   0.01113   0.02687   0.01792   0.04008   0.01955   0.04635   0.02317   0.00432   0.01395   0.01921   0.08320   0.01915   0.01034   0.01183   0.00372   0.03137   0.07230   0.04970   0.07635   0.08139   0.06347   0.09658   0.08294   0.87154  
 43 43.7664  18733.202610  x:  0.04899   0.00749   0.00000   0.00062   0.01882   0.07010   0.05453   0.00651   0.05848   0.02396   0.01198   0.02451   0.01359   0.00571   0.00191   0.00124   0.00564   0.02158   0.00373   0.00082   0.00000   0.00514   0.00214   0.00637   0.00089   0.00117   0.00000   0.00772   0.07200   0.10645   0.14711   0.11665   0.01503   0.00299   0.00354   0.01698   0.03913   0.00266   0.00506   0.03556   0.03050   0.04673   0.00538   0.00000   0.00130   0.00195   0.00506   0.00721   0.00988   0.00362   0.02534   0.01562   0.02108   0.01110   0.02706   0.01798   0.04017   0.01951   0.04659   0.02310   0.00433   0.01402   0.01926   0.08333   0.01917   0.01030   0.01180   0.00373   0.03138   0.07242   0.04961   0.07656   0.08135   0.06343   0.09645   0.08295   0.87128  
 44 56.6674  18733.115892  x:  0.04935   0.00752   0.00000   0.00062   0.01852   0.07020   0.05400   0.00674   0.05866   0.02393   0.01190   0.02453   0.01299   0.00562   0.00190   0.00122   0.00601   0.02204   0.00362   0.00081   0.00000   0.00514   0.00213   0.00624   0.00088   0.00116   0.00000   0.00772   0.07239   0.10517   0.14736   0.11653   0.01504   0.00299   0.00353   0.01708   0.03915   0.00268   0.00505   0.03545   0.03067   0.04687   0.00537   0.00000   0.00130   0.00194   0.00511   0.00716   0.00984   0.00361   0.02538   0.01544   0.02141   0.01130   0.02714   0.01779   0.04011   0.01955   0.04748   0.02323   0.00433   0.01411   0.01934   0.08369   0.01937   0.01036   0.01183   0.00377   0.03083   0.07273   0.04947   0.07718   0.08112   0.06355   0.09618   0.08331   0.87145  
 45 41.4845  18733.008747  x:  0.04979   0.00754   0.00000   0.00064   0.01843   0.07024   0.05374   0.00606   0.05870   0.02407   0.01183   0.02465   0.01290   0.00568   0.00189   0.00119   0.00552   0.02213   0.00368   0.00081   0.00000   0.00515   0.00211   0.00641   0.00087   0.00114   0.00000   0.00773   0.07265   0.10403   0.14754   0.11652   0.01498   0.00299   0.00352   0.01709   0.03946   0.00263   0.00507   0.03542   0.03069   0.04702   0.00541   0.00000   0.00129   0.00192   0.00478   0.00733   0.00987   0.00365   0.02541   0.01560   0.02128   0.01132   0.02691   0.01765   0.03994   0.01956   0.04808   0.02342   0.00427   0.01398   0.01930   0.08396   0.01942   0.01040   0.01187   0.00381   0.03037   0.07296   0.04949   0.07768   0.08091   0.06378   0.09601   0.08374   0.87211  
 46 91.4408  18732.657601  x:  0.05094   0.00756   0.00000   0.00064   0.01891   0.07019   0.05386   0.00671   0.05857   0.02466   0.01187   0.02498   0.01412   0.00564   0.00186   0.00112   0.00582   0.02138   0.00356   0.00081   0.00000   0.00513   0.00206   0.00626   0.00084   0.00109   0.00000   0.00768   0.07292   0.10147   0.14785   0.11675   0.01509   0.00295   0.00352   0.01694   0.04067   0.00245   0.00503   0.03556   0.03046   0.04731   0.00536   0.00000   0.00126   0.00186   0.00504   0.00723   0.00991   0.00357   0.02542   0.01642   0.02020   0.01093   0.02596   0.01775   0.03943   0.01935   0.04867   0.02374   0.00430   0.01353   0.01904   0.08445   0.01913   0.01034   0.01193   0.00396   0.02992   0.07334   0.04989   0.07858   0.08047   0.06455   0.09580   0.08489   0.87517  
 47 128.7304  18731.218207  x:  0.05289   0.00779   0.00000   0.00067   0.01954   0.06972   0.05665   0.00671   0.05752   0.02473   0.01219   0.02441   0.01266   0.00556   0.00174   0.00079   0.00563   0.02006   0.00330   0.00078   0.00000   0.00509   0.00182   0.00625   0.00073   0.00085   0.00000   0.00818   0.07229   0.09733   0.14816   0.11810   0.01526   0.00281   0.00351   0.01710   0.04239   0.00189   0.00497   0.03623   0.03030   0.04739   0.00536   0.00000   0.00114   0.00161   0.00463   0.00661   0.01003   0.00358   0.02545   0.01531   0.02108   0.01173   0.02645   0.01933   0.03931   0.02006   0.04622   0.02273   0.00438   0.01562   0.01980   0.08490   0.01883   0.01023   0.01217   0.00447   0.03275   0.07349   0.05175   0.07907   0.08030   0.06661   0.09619   0.08683   0.88962  
 48 153.2998  18730.097860  x:  0.05311   0.00799   0.00000   0.00070   0.01870   0.06960   0.05803   0.00697   0.05734   0.02443   0.01194   0.02452   0.01310   0.00555   0.00165   0.00055   0.00559   0.02148   0.00297   0.00076   0.00000   0.00507   0.00165   0.00615   0.00063   0.00066   0.00000   0.00674   0.07182   0.09685   0.14815   0.11891   0.01543   0.00272   0.00351   0.01734   0.04188   0.00146   0.00491   0.03628   0.03087   0.04733   0.00529   0.00000   0.00104   0.00142   0.00484   0.00873   0.01004   0.00270   0.02563   0.01561   0.02179   0.01108   0.02747   0.01858   0.03997   0.02043   0.04479   0.02297   0.00445   0.01476   0.01970   0.08488   0.01939   0.01059   0.01229   0.00493   0.03372   0.07330   0.05230   0.07867   0.08087   0.06727   0.09666   0.08703   0.90126  
 49 470.4800  18729.099097  x:  0.05263   0.00826   0.00000   0.00073   0.01813   0.06974   0.05849   0.00691   0.05768   0.02425   0.01167   0.02492   0.01391   0.00546   0.00157   0.00034   0.00548   0.02291   0.00281   0.00074   0.00000   0.00502   0.00149   0.00608   0.00055   0.00050   0.00000   0.00793   0.07159   0.09794   0.14803   0.11936   0.01539   0.00267   0.00349   0.01751   0.04078   0.00099   0.00480   0.03610   0.03145   0.04729   0.00527   0.00000   0.00096   0.00124   0.00445   0.00699   0.01004   0.00312   0.02583   0.01631   0.02195   0.01069   0.02813   0.01760   0.04069   0.02064   0.04441   0.02363   0.00444   0.01368   0.01946   0.08473   0.01984   0.01067   0.01238   0.00536   0.03347   0.07306   0.05218   0.07802   0.08170   0.06721   0.09709   0.08655   0.91137  
 50 721.1039  18728.560109  x:  0.05178   0.00831   0.00000   0.00075   0.01897   0.07013   0.05771   0.00684   0.05856   0.02458   0.01168   0.02521   0.01362   0.00541   0.00153   0.00021   0.00546   0.02220   0.00276   0.00073   0.00000   0.00499   0.00139   0.00606   0.00051   0.00041   0.00000   0.00719   0.07181   0.10019   0.14781   0.11910   0.01551   0.00263   0.00347   0.01755   0.04027   0.00079   0.00476   0.03588   0.03130   0.04743   0.00525   0.00000   0.00091   0.00114   0.00441   0.00705   0.01006   0.00304   0.02587   0.01642   0.02121   0.01161   0.02766   0.01822   0.04078   0.02094   0.04569   0.02396   0.00440   0.01475   0.01964   0.08459   0.01946   0.01015   0.01250   0.00563   0.03217   0.07297   0.05150   0.07748   0.08244   0.06639   0.09721   0.08570   0.91698  
 51 291.9393  18728.498174  x:  0.05168   0.00830   0.00000   0.00075   0.01892   0.07022   0.05746   0.00691   0.05874   0.02469   0.01174   0.02518   0.01353   0.00543   0.00152   0.00020   0.00543   0.02191   0.00266   0.00073   0.00000   0.00500   0.00139   0.00605   0.00051   0.00040   0.00000   0.00776   0.07192   0.10068   0.14774   0.11889   0.01559   0.00264   0.00347   0.01759   0.04048   0.00076   0.00479   0.03589   0.03123   0.04750   0.00525   0.00000   0.00091   0.00114   0.00442   0.00743   0.01007   0.00285   0.02587   0.01628   0.02126   0.01135   0.02756   0.01838   0.04068   0.02094   0.04601   0.02388   0.00441   0.01477   0.01972   0.08460   0.01949   0.01036   0.01251   0.00565   0.03213   0.07302   0.05144   0.07742   0.08252   0.06618   0.09717   0.08560   0.91766  
 52 134.2134  18728.461641  x:  0.05168   0.00834   0.00000   0.00075   0.01874   0.07032   0.05719   0.00687   0.05886   0.02479   0.01184   0.02511   0.01351   0.00542   0.00152   0.00019   0.00544   0.02166   0.00268   0.00073   0.00000   0.00500   0.00138   0.00605   0.00050   0.00039   0.00000   0.00752   0.07209   0.10118   0.14765   0.11853   0.01554   0.00265   0.00347   0.01766   0.04097   0.00075   0.00477   0.03597   0.03119   0.04761   0.00525   0.00000   0.00091   0.00113   0.00440   0.00727   0.01009   0.00294   0.02589   0.01612   0.02148   0.01098   0.02753   0.01847   0.04052   0.02090   0.04632   0.02370   0.00443   0.01460   0.01980   0.08464   0.01960   0.01067   0.01251   0.00566   0.03237   0.07315   0.05149   0.07743   0.08254   0.06596   0.09709   0.08559   0.91806  
 53 81.0030  18728.444901  x:  0.05178   0.00835   0.00000   0.00075   0.01871   0.07041   0.05704   0.00688   0.05889   0.02480   0.01179   0.02509   0.01361   0.00542   0.00152   0.00019   0.00544   0.02178   0.00268   0.00073   0.00000   0.00500   0.00138   0.00605   0.00050   0.00039   0.00000   0.00756   0.07227   0.10158   0.14754   0.11808   0.01555   0.00265   0.00347   0.01765   0.04144   0.00075   0.00477   0.03604   0.03124   0.04772   0.00525   0.00000   0.00090   0.00113   0.00441   0.00730   0.01008   0.00292   0.02592   0.01619   0.02158   0.01126   0.02764   0.01838   0.04040   0.02086   0.04646   0.02364   0.00443   0.01449   0.01979   0.08472   0.01960   0.01041   0.01251   0.00566   0.03272   0.07331   0.05164   0.07749   0.08251   0.06581   0.09697   0.08569   0.91823  
 54 40.8020  18728.438348  x:  0.05192   0.00834   0.00000   0.00075   0.01887   0.07047   0.05708   0.00688   0.05884   0.02475   0.01179   0.02515   0.01356   0.00543   0.00152   0.00019   0.00545   0.02195   0.00269   0.00073   0.00000   0.00500   0.00138   0.00606   0.00050   0.00039   0.00000   0.00757   0.07239   0.10182   0.14746   0.11771   0.01557   0.00265   0.00347   0.01762   0.04153   0.00076   0.00477   0.03605   0.03131   0.04775   0.00526   0.00000   0.00091   0.00113   0.00442   0.00730   0.01009   0.00293   0.02593   0.01627   0.02146   0.01117   0.02772   0.01835   0.04044   0.02088   0.04642   0.02375   0.00443   0.01467   0.01978   0.08481   0.01962   0.01051   0.01251   0.00566   0.03279   0.07344   0.05176   0.07759   0.08248   0.06579   0.09690   0.08584   0.91829  
 55 20.8913  18728.431984  x:  0.05214   0.00835   0.00000   0.00075   0.01876   0.07055   0.05725   0.00688   0.05880   0.02475   0.01181   0.02519   0.01358   0.00543   0.00152   0.00019   0.00545   0.02185   0.00269   0.00073   0.00000   0.00501   0.00138   0.00606   0.00050   0.00039   0.00000   0.00757   0.07253   0.10207   0.14737   0.11724   0.01556   0.00265   0.00347   0.01768   0.04135   0.00076   0.00477   0.03603   0.03132   0.04777   0.00526   0.00000   0.00091   0.00113   0.00442   0.00730   0.01008   0.00292   0.02595   0.01618   0.02148   0.01120   0.02770   0.01848   0.04059   0.02088   0.04629   0.02384   0.00442   0.01458   0.01980   0.08497   0.01960   0.01048   0.01252   0.00566   0.03265   0.07359   0.05187   0.07777   0.08249   0.06588   0.09686   0.08605   0.91834  
 56 14.4291  18728.425598  x:  0.05221   0.00835   0.00000   0.00075   0.01883   0.07058   0.05739   0.00688   0.05882   0.02484   0.01181   0.02509   0.01359   0.00543   0.00152   0.00019   0.00545   0.02179   0.00269   0.00073   0.00000   0.00501   0.00138   0.00606   0.00050   0.00039   0.00000   0.00757   0.07255   0.10219   0.14733   0.11700   0.01557   0.00264   0.00348   0.01762   0.04121   0.00075   0.00478   0.03605   0.03124   0.04775   0.00526   0.00000   0.00091   0.00113   0.00442   0.00730   0.01009   0.00293   0.02592   0.01630   0.02162   0.01121   0.02761   0.01826   0.04057   0.02089   0.04629   0.02359   0.00444   0.01463   0.01979   0.08506   0.01964   0.01050   0.01252   0.00566   0.03256   0.07362   0.05183   0.07788   0.08255   0.06604   0.09691   0.08612   0.91839  
 57  7.9230  18728.358862  x:  0.05201   0.00839   0.00000   0.00076   0.01873   0.07052   0.05790   0.00686   0.05916   0.02497   0.01173   0.02497   0.01357   0.00543   0.00152   0.00020   0.00544   0.02232   0.00268   0.00073   0.00000   0.00500   0.00138   0.00606   0.00050   0.00039   0.00000   0.00757   0.07220   0.10234   0.14718   0.11611   0.01557   0.00265   0.00348   0.01768   0.04114   0.00074   0.00477   0.03626   0.03120   0.04760   0.00526   0.00000   0.00091   0.00113   0.00441   0.00729   0.01011   0.00293   0.02587   0.01614   0.02118   0.01115   0.02768   0.01867   0.03988   0.02073   0.04680   0.02333   0.00447   0.01456   0.01982   0.08544   0.01960   0.01048   0.01252   0.00564   0.03285   0.07340   0.05108   0.07832   0.08317   0.06725   0.09759   0.08592   0.91879  
 58  7.7988  18728.156990  x:  0.05144   0.00839   0.00000   0.00078   0.01881   0.07037   0.05803   0.00689   0.05955   0.02444   0.01200   0.02558   0.01375   0.00544   0.00152   0.00022   0.00546   0.02135   0.00268   0.00073   0.00000   0.00502   0.00137   0.00608   0.00051   0.00040   0.00000   0.00758   0.07150   0.10238   0.14692   0.11499   0.01569   0.00263   0.00348   0.01766   0.04175   0.00080   0.00478   0.03624   0.03161   0.04759   0.00527   0.00000   0.00091   0.00114   0.00441   0.00731   0.01010   0.00292   0.02615   0.01640   0.02195   0.01135   0.02794   0.01820   0.03995   0.02140   0.04746   0.02469   0.00436   0.01474   0.01989   0.08591   0.01963   0.01065   0.01257   0.00564   0.03326   0.07299   0.05036   0.07871   0.08411   0.06872   0.09882   0.08535   0.92001  
 59 34.6004  18727.142288  x:  0.05049   0.00860   0.00000   0.00088   0.01974   0.07041   0.05592   0.00692   0.05974   0.02471   0.01138   0.02542   0.01271   0.00535   0.00150   0.00035   0.00537   0.02114   0.00256   0.00075   0.00000   0.00497   0.00136   0.00599   0.00050   0.00043   0.00000   0.00745   0.07084   0.10284   0.14632   0.11394   0.01580   0.00264   0.00345   0.01749   0.04327   0.00045   0.00473   0.03561   0.03215   0.04865   0.00525   0.00000   0.00092   0.00117   0.00428   0.00721   0.01021   0.00277   0.02627   0.01627   0.02208   0.01043   0.02740   0.01812   0.04338   0.01917   0.04757   0.02441   0.00447   0.01470   0.01954   0.08645   0.01970   0.00965   0.01271   0.00572   0.03264   0.07275   0.05163   0.07859   0.08600   0.06900   0.10157   0.08438   0.92605  
 60 53.9928  18725.345457  x:  0.04981   0.00878   0.00000   0.00100   0.01915   0.07067   0.05294   0.00707   0.06001   0.02611   0.01198   0.02476   0.01412   0.00533   0.00149   0.00052   0.00529   0.02254   0.00242   0.00077   0.00000   0.00500   0.00127   0.00598   0.00051   0.00046   0.00000   0.00745   0.07088   0.10392   0.14525   0.11342   0.01667   0.00241   0.00343   0.01801   0.04426   0.00054   0.00474   0.03489   0.03201   0.04994   0.00526   0.00000   0.00094   0.00120   0.00397   0.00692   0.01020   0.00254   0.02597   0.01622   0.02081   0.01133   0.02680   0.01922   0.04631   0.02397   0.04793   0.02191   0.00450   0.01492   0.01981   0.08694   0.01977   0.01085   0.01330   0.00581   0.03144   0.07298   0.05428   0.07765   0.08824   0.06673   0.10431   0.08365   0.93731  
 61 321.2955  18722.527363  x:  0.05141   0.00910   0.00000   0.00115   0.01966   0.07173   0.05364   0.00717   0.06081   0.02651   0.01182   0.02460   0.01381   0.00517   0.00145   0.00079   0.00509   0.02172   0.00210   0.00080   0.00000   0.00496   0.00117   0.00583   0.00050   0.00051   0.00000   0.00722   0.07331   0.10693   0.14411   0.11590   0.01735   0.00216   0.00344   0.01764   0.04070   0.00018   0.00465   0.03667   0.03279   0.04912   0.00519   0.00000   0.00096   0.00124   0.00357   0.00666   0.01024   0.00238   0.02615   0.01627   0.02106   0.01079   0.02700   0.01860   0.03997   0.02514   0.04900   0.02316   0.00434   0.01473   0.02102   0.08645   0.01876   0.01082   0.01378   0.00596   0.03145   0.07448   0.05472   0.07585   0.08966   0.05937   0.10258   0.08520   0.95289  
 62 286.4499  18722.124155  x:  0.05181   0.00915   0.00000   0.00118   0.01977   0.07189   0.05569   0.00715   0.06190   0.02696   0.01189   0.02553   0.01377   0.00517   0.00145   0.00083   0.00508   0.02137   0.00209   0.00081   0.00000   0.00496   0.00117   0.00583   0.00051   0.00053   0.00000   0.00723   0.07375   0.10770   0.14388   0.11693   0.01747   0.00217   0.00341   0.01878   0.04116   0.00017   0.00465   0.03662   0.03313   0.04900   0.00521   0.00000   0.00097   0.00125   0.00354   0.00663   0.01026   0.00233   0.02682   0.01620   0.02093   0.01078   0.02729   0.01886   0.04064   0.02534   0.04989   0.02261   0.00436   0.01508   0.01931   0.08586   0.02044   0.01041   0.01386   0.00600   0.03157   0.07456   0.05335   0.07542   0.08984   0.05874   0.09968   0.08559   0.95533  
 63 158.1696  18721.941435  x:  0.05195   0.00918   0.00000   0.00120   0.01969   0.07199   0.05707   0.00713   0.06269   0.02710   0.01187   0.02531   0.01381   0.00517   0.00145   0.00085   0.00508   0.02164   0.00207   0.00081   0.00000   0.00496   0.00116   0.00583   0.00051   0.00053   0.00000   0.00722   0.07389   0.10836   0.14376   0.11781   0.01752   0.00217   0.00342   0.01809   0.04189   0.00017   0.00465   0.03637   0.03320   0.04917   0.00521   0.00000   0.00097   0.00126   0.00352   0.00661   0.01031   0.00230   0.02672   0.01626   0.02094   0.01079   0.02721   0.01883   0.04192   0.02539   0.05052   0.02263   0.00437   0.01491   0.02040   0.08547   0.01973   0.01061   0.01390   0.00600   0.03163   0.07455   0.05232   0.07528   0.09016   0.05925   0.09678   0.08572   0.95642  
 64 118.5038  18721.907804  x:  0.05183   0.00918   0.00000   0.00120   0.01970   0.07202   0.05669   0.00713   0.06260   0.02687   0.01187   0.02493   0.01384   0.00516   0.00145   0.00086   0.00507   0.02166   0.00207   0.00081   0.00000   0.00496   0.00116   0.00582   0.00051   0.00053   0.00000   0.00721   0.07379   0.10871   0.14376   0.11819   0.01753   0.00217   0.00341   0.01833   0.04182   0.00016   0.00465   0.03645   0.03317   0.04935   0.00521   0.00000   0.00097   0.00126   0.00351   0.00660   0.01028   0.00230   0.02644   0.01624   0.02102   0.01080   0.02708   0.01881   0.04177   0.02543   0.05047   0.02277   0.00436   0.01498   0.01999   0.08554   0.01951   0.01068   0.01390   0.00600   0.03163   0.07458   0.05261   0.07543   0.09053   0.06003   0.09558   0.08560   0.95663  
 65 37.2432  18721.893028  x:  0.05174   0.00918   0.00000   0.00121   0.01973   0.07202   0.05636   0.00714   0.06253   0.02698   0.01187   0.02520   0.01382   0.00516   0.00145   0.00086   0.00507   0.02160   0.00207   0.00081   0.00000   0.00496   0.00116   0.00583   0.00051   0.00053   0.00000   0.00722   0.07369   0.10886   0.14375   0.11836   0.01754   0.00216   0.00342   0.01822   0.04169   0.00016   0.00465   0.03648   0.03317   0.04942   0.00521   0.00000   0.00097   0.00126   0.00351   0.00660   0.01029   0.00230   0.02663   0.01626   0.02095   0.01078   0.02716   0.01884   0.04158   0.02544   0.05035   0.02270   0.00437   0.01495   0.02025   0.08560   0.01982   0.01059   0.01391   0.00599   0.03161   0.07458   0.05290   0.07552   0.09072   0.06049   0.09499   0.08551   0.95671  
 66 28.3762  18721.864297  x:  0.05170   0.00919   0.00000   0.00121   0.01975   0.07199   0.05622   0.00713   0.06251   0.02753   0.01184   0.02556   0.01377   0.00516   0.00145   0.00086   0.00507   0.02164   0.00207   0.00081   0.00000   0.00496   0.00116   0.00582   0.00051   0.00053   0.00000   0.00722   0.07354   0.10895   0.14374   0.11844   0.01755   0.00216   0.00342   0.01823   0.04166   0.00017   0.00465   0.03644   0.03322   0.04913   0.00521   0.00000   0.00097   0.00126   0.00351   0.00660   0.01030   0.00229   0.02696   0.01622   0.02111   0.01077   0.02745   0.01879   0.04153   0.02539   0.05033   0.02260   0.00438   0.01497   0.02000   0.08580   0.01922   0.01074   0.01391   0.00599   0.03158   0.07449   0.05306   0.07564   0.09073   0.06053   0.09478   0.08547   0.95688  
 67  5.7074  18721.322356  x:  0.05177   0.00925   0.00000   0.00125   0.01992   0.07169   0.05565   0.00714   0.06186   0.02825   0.01174   0.02394   0.01372   0.00510   0.00143   0.00088   0.00501   0.02131   0.00200   0.00081   0.00000   0.00494   0.00114   0.00578   0.00050   0.00053   0.00000   0.00718   0.07181   0.11034   0.14375   0.11950   0.01773   0.00212   0.00340   0.01824   0.04195   0.00025   0.00459   0.03600   0.03370   0.04549   0.00518   0.00000   0.00097   0.00126   0.00342   0.00653   0.01037   0.00225   0.02587   0.01621   0.02086   0.01060   0.02760   0.01872   0.04155   0.02532   0.05059   0.02333   0.00434   0.01485   0.02020   0.08877   0.02012   0.01021   0.01400   0.00599   0.03151   0.07333   0.05301   0.07727   0.09033   0.05904   0.09362   0.08553   0.96018  
 68 15.0615  18720.276239  x:  0.05210   0.00946   0.00000   0.00132   0.01987   0.07140   0.05525   0.00726   0.06064   0.02383   0.01162   0.02552   0.01332   0.00500   0.00141   0.00090   0.00488   0.02158   0.00184   0.00081   0.00000   0.00489   0.00111   0.00569   0.00049   0.00053   0.00000   0.00707   0.07114   0.11211   0.14364   0.12095   0.01797   0.00204   0.00340   0.01756   0.04138   0.00038   0.00450   0.03650   0.03355   0.04686   0.00513   0.00000   0.00097   0.00125   0.00317   0.00638   0.01036   0.00208   0.02636   0.01585   0.02090   0.01025   0.02491   0.01869   0.04074   0.02516   0.05071   0.02177   0.00446   0.01455   0.01970   0.09099   0.01922   0.01003   0.01417   0.00599   0.03173   0.07295   0.05151   0.07803   0.09091   0.05718   0.09263   0.08586   0.96638  
 69 101.9803  18719.147211  x:  0.05240   0.00961   0.00000   0.00141   0.02066   0.07150   0.05532   0.00733   0.06064   0.02542   0.01147   0.02359   0.01313   0.00494   0.00139   0.00095   0.00481   0.02121   0.00174   0.00082   0.00000   0.00487   0.00110   0.00565   0.00049   0.00054   0.00000   0.00706   0.07397   0.11246   0.14320   0.12162   0.01831   0.00195   0.00339   0.01878   0.03998   0.00065   0.00441   0.03748   0.03394   0.05293   0.00511   0.00000   0.00098   0.00125   0.00304   0.00630   0.01019   0.00206   0.02602   0.01586   0.02095   0.00988   0.02558   0.01831   0.03944   0.02500   0.05033   0.02329   0.00433   0.01442   0.02012   0.08852   0.01937   0.00959   0.01438   0.00613   0.03184   0.07481   0.05005   0.07562   0.09360   0.05720   0.09263   0.08615   0.97335  
 70 148.9463  18718.911354  x:  0.05256   0.00967   0.00000   0.00143   0.02033   0.07207   0.05526   0.00734   0.06127   0.02510   0.01145   0.02377   0.01303   0.00492   0.00138   0.00096   0.00479   0.02112   0.00171   0.00082   0.00000   0.00486   0.00110   0.00564   0.00049   0.00054   0.00000   0.00705   0.07563   0.11228   0.14309   0.12161   0.01835   0.00194   0.00340   0.01735   0.03992   0.00070   0.00439   0.03754   0.03430   0.05165   0.00510   0.00000   0.00099   0.00126   0.00300   0.00627   0.01026   0.00205   0.02524   0.01580   0.02112   0.00980   0.02549   0.01865   0.03922   0.02505   0.05073   0.02333   0.00435   0.01450   0.01938   0.08613   0.01952   0.00948   0.01439   0.00613   0.03174   0.07609   0.05084   0.07453   0.09509   0.05801   0.09294   0.08631   0.97473  
 71 104.1195  18718.853264  x:  0.05262   0.00967   0.00000   0.00143   0.02054   0.07233   0.05523   0.00735   0.06145   0.02471   0.01146   0.02378   0.01303   0.00492   0.00138   0.00096   0.00479   0.02117   0.00171   0.00082   0.00000   0.00486   0.00110   0.00564   0.00049   0.00054   0.00000   0.00705   0.07616   0.11219   0.14306   0.12158   0.01838   0.00196   0.00339   0.01816   0.04001   0.00071   0.00439   0.03754   0.03420   0.05075   0.00510   0.00000   0.00099   0.00126   0.00299   0.00627   0.01028   0.00204   0.02551   0.01583   0.02106   0.00981   0.02528   0.01844   0.03922   0.02496   0.05087   0.02323   0.00435   0.01442   0.01981   0.08516   0.01937   0.00952   0.01441   0.00614   0.03168   0.07653   0.05117   0.07427   0.09562   0.05832   0.09305   0.08637   0.97507  
 72 80.6210  18718.851080  x:  0.05264   0.00968   0.00000   0.00143   0.02052   0.07238   0.05519   0.00735   0.06138   0.02470   0.01146   0.02366   0.01305   0.00492   0.00138   0.00096   0.00479   0.02119   0.00170   0.00082   0.00000   0.00486   0.00110   0.00564   0.00049   0.00054   0.00000   0.00705   0.07614   0.11220   0.14307   0.12158   0.01838   0.00196   0.00339   0.01810   0.04003   0.00071   0.00439   0.03752   0.03414   0.05072   0.00510   0.00000   0.00099   0.00126   0.00299   0.00627   0.01029   0.00203   0.02571   0.01582   0.02106   0.00981   0.02526   0.01845   0.03923   0.02498   0.05084   0.02327   0.00434   0.01443   0.01978   0.08499   0.01938   0.00951   0.01441   0.00614   0.03169   0.07653   0.05110   0.07442   0.09568   0.05829   0.09306   0.08639   0.97508  
 73  8.9931  18718.847892  x:  0.05268   0.00968   0.00000   0.00143   0.02053   0.07247   0.05511   0.00736   0.06122   0.02475   0.01146   0.02375   0.01304   0.00492   0.00138   0.00096   0.00479   0.02117   0.00170   0.00082   0.00000   0.00486   0.00110   0.00564   0.00049   0.00054   0.00000   0.00705   0.07606   0.11223   0.14308   0.12160   0.01838   0.00196   0.00339   0.01813   0.04004   0.00071   0.00439   0.03750   0.03418   0.05074   0.00510   0.00000   0.00099   0.00126   0.00299   0.00627   0.01028   0.00204   0.02558   0.01583   0.02106   0.00981   0.02528   0.01845   0.03924   0.02500   0.05077   0.02324   0.00434   0.01443   0.01979   0.08467   0.01937   0.00952   0.01441   0.00613   0.03172   0.07650   0.05095   0.07478   0.09578   0.05821   0.09307   0.08642   0.97509  
 74  6.9870  18718.758295  x:  0.05249   0.00968   0.00000   0.00144   0.02057   0.07230   0.05589   0.00731   0.06291   0.02460   0.01143   0.02365   0.01304   0.00492   0.00138   0.00096   0.00480   0.02125   0.00173   0.00082   0.00000   0.00486   0.00112   0.00564   0.00049   0.00055   0.00000   0.00706   0.07500   0.11211   0.14308   0.12151   0.01843   0.00195   0.00340   0.01814   0.03984   0.00073   0.00440   0.03781   0.03426   0.05133   0.00511   0.00000   0.00099   0.00127   0.00299   0.00628   0.01026   0.00204   0.02559   0.01580   0.02109   0.00980   0.02524   0.01843   0.03915   0.02497   0.05110   0.02338   0.00432   0.01439   0.01981   0.08390   0.01938   0.00951   0.01445   0.00610   0.03162   0.07619   0.05255   0.07610   0.09586   0.05767   0.09315   0.08623   0.97521  
 75  1.2847  18712.612654  x:  0.05733   0.01078   0.00000   0.00206   0.02279   0.07222   0.05736   0.00795   0.06338   0.02558   0.01065   0.02445   0.01194   0.00459   0.00128   0.00059   0.00470   0.02235   0.00325   0.00072   0.00000   0.00487   0.00236   0.00559   0.00080   0.00103   0.00000   0.00728   0.07156   0.10916   0.14549   0.12576   0.02216   0.00149   0.00340   0.01769   0.04107   0.00067   0.00446   0.03784   0.03962   0.05024   0.00495   0.00000   0.00142   0.00201   0.00294   0.00642   0.01076   0.00202   0.02748   0.01378   0.02111   0.00862   0.02606   0.01722   0.04237   0.02724   0.04960   0.02355   0.00435   0.01149   0.01951   0.09144   0.01903   0.00718   0.01620   0.00493   0.03385   0.07897   0.05175   0.07734   0.10667   0.06167   0.10075   0.09041   0.98440  
 76  5.2658  18712.533376  x:  0.05750   0.01079   0.00000   0.00207   0.02281   0.07198   0.05741   0.00797   0.06336   0.02551   0.01067   0.02447   0.01193   0.00458   0.00128   0.00059   0.00470   0.02235   0.00327   0.00072   0.00000   0.00487   0.00238   0.00559   0.00080   0.00103   0.00000   0.00729   0.07348   0.10914   0.14553   0.12580   0.02220   0.00148   0.00340   0.01770   0.04110   0.00067   0.00447   0.03785   0.03968   0.05026   0.00495   0.00000   0.00142   0.00202   0.00295   0.00643   0.01076   0.00202   0.02750   0.01377   0.02112   0.00861   0.02607   0.01721   0.04241   0.02725   0.04960   0.02357   0.00435   0.01146   0.01951   0.09153   0.01903   0.00716   0.01624   0.00492   0.03396   0.07623   0.05213   0.07769   0.10714   0.06175   0.10084   0.09057   0.98451  
 77 45.0727  18712.532469  x:  0.05754   0.01079   0.00000   0.00207   0.02281   0.07230   0.05741   0.00797   0.06338   0.02551   0.01067   0.02447   0.01193   0.00458   0.00128   0.00059   0.00470   0.02235   0.00327   0.00072   0.00000   0.00487   0.00238   0.00559   0.00080   0.00103   0.00000   0.00729   0.07340   0.10911   0.14553   0.12579   0.02221   0.00148   0.00340   0.01770   0.04110   0.00067   0.00447   0.03786   0.03968   0.05028   0.00495   0.00000   0.00142   0.00202   0.00295   0.00643   0.01076   0.00202   0.02750   0.01377   0.02112   0.00861   0.02607   0.01721   0.04240   0.02725   0.04961   0.02358   0.00435   0.01146   0.01951   0.09155   0.01903   0.00716   0.01624   0.00493   0.03396   0.07613   0.05215   0.07761   0.10712   0.06176   0.10084   0.09061   0.98451  
 78  1.2806  18710.468596  x:  0.06037   0.01101   0.00000   0.00221   0.02479   0.07328   0.05813   0.00807   0.06824   0.02614   0.01131   0.02510   0.01187   0.00494   0.00083   0.00074   0.00486   0.02253   0.00239   0.00081   0.00000   0.00485   0.00179   0.00568   0.00077   0.00095   0.00000   0.00730   0.07417   0.11325   0.15681   0.12959   0.02495   0.00220   0.00340   0.01761   0.04249   0.00075   0.00467   0.03741   0.04174   0.05068   0.00496   0.00000   0.00150   0.00157   0.00371   0.00677   0.01131   0.00280   0.02858   0.01294   0.02100   0.00965   0.02716   0.01681   0.04262   0.02845   0.04879   0.02390   0.00447   0.01148   0.01973   0.09375   0.01927   0.00863   0.01743   0.00519   0.03446   0.07743   0.05276   0.08030   0.10812   0.06428   0.10485   0.09341   0.98339  
 79  0.0758  18710.100975  x:  0.06076   0.01099   0.00000   0.00238   0.02520   0.07379   0.05825   0.00798   0.06904   0.02634   0.01137   0.02524   0.01218   0.00503   0.00071   0.00080   0.00504   0.02254   0.00257   0.00084   0.00000   0.00492   0.00152   0.00582   0.00079   0.00087   0.00000   0.00738   0.07482   0.11401   0.15877   0.13033   0.02606   0.00172   0.00343   0.01779   0.04286   0.00082   0.00468   0.03713   0.04240   0.05081   0.00506   0.00000   0.00154   0.00150   0.00321   0.00661   0.01134   0.00219   0.02858   0.01386   0.02115   0.00961   0.02724   0.01717   0.04253   0.02884   0.04891   0.02398   0.00450   0.01221   0.01989   0.09438   0.01943   0.00851   0.01789   0.00527   0.03450   0.07788   0.05304   0.08075   0.10838   0.06435   0.10524   0.09386   0.97431  
 80  0.0116  18709.950196  x:  0.06057   0.01091   0.00000   0.00265   0.02514   0.07400   0.05821   0.00791   0.06855   0.02625   0.01126   0.02510   0.01237   0.00498   0.00084   0.00082   0.00493   0.02255   0.00233   0.00082   0.00000   0.00497   0.00171   0.00577   0.00084   0.00083   0.00000   0.00736   0.07529   0.11386   0.15782   0.13038   0.02706   0.00172   0.00345   0.01789   0.04294   0.00090   0.00462   0.03711   0.04271   0.05092   0.00512   0.00000   0.00160   0.00161   0.00338   0.00663   0.01127   0.00233   0.02852   0.01418   0.02132   0.00942   0.02699   0.01754   0.04254   0.02912   0.04930   0.02395   0.00450   0.01231   0.01994   0.09469   0.01949   0.00821   0.01821   0.00520   0.03444   0.07815   0.05311   0.08067   0.10903   0.06365   0.10464   0.09367   0.96579  
 81  0.0068  18709.867114  x:  0.06028   0.01081   0.00000   0.00291   0.02500   0.07402   0.05809   0.00786   0.06821   0.02617   0.01131   0.02506   0.01227   0.00489   0.00085   0.00085   0.00491   0.02257   0.00263   0.00083   0.00000   0.00492   0.00165   0.00575   0.00085   0.00078   0.00000   0.00740   0.07535   0.11418   0.15746   0.13028   0.02776   0.00182   0.00344   0.01785   0.04285   0.00099   0.00457   0.03726   0.04261   0.05098   0.00507   0.00000   0.00164   0.00157   0.00325   0.00669   0.01125   0.00230   0.02846   0.01370   0.02131   0.00953   0.02696   0.01745   0.04255   0.02901   0.04939   0.02394   0.00452   0.01192   0.01991   0.09458   0.01949   0.00841   0.01833   0.00530   0.03431   0.07813   0.05297   0.08058   0.10894   0.06353   0.10442   0.09335   0.96540  
 82  0.0012  18709.807876  x:  0.06012   0.01068   0.00000   0.00316   0.02487   0.07377   0.05818   0.00782   0.06813   0.02623   0.01133   0.02521   0.01215   0.00499   0.00081   0.00083   0.00495   0.02265   0.00240   0.00082   0.00000   0.00490   0.00162   0.00576   0.00085   0.00079   0.00000   0.00736   0.07474   0.11392   0.15735   0.12976   0.02808   0.00168   0.00344   0.01781   0.04291   0.00106   0.00464   0.03730   0.04239   0.05084   0.00502   0.00000   0.00168   0.00158   0.00327   0.00658   0.01129   0.00226   0.02850   0.01357   0.02122   0.00957   0.02719   0.01718   0.04282   0.02879   0.04913   0.02397   0.00451   0.01191   0.01987   0.09446   0.01947   0.00842   0.01832   0.00534   0.03429   0.07777   0.05298   0.08081   0.10828   0.06418   0.10491   0.09315   0.96904  
 83  0.0031  18709.778474  x:  0.06012   0.01060   0.00000   0.00333   0.02476   0.07370   0.05814   0.00782   0.06813   0.02626   0.01130   0.02520   0.01219   0.00499   0.00080   0.00083   0.00497   0.02257   0.00250   0.00082   0.00000   0.00493   0.00163   0.00578   0.00083   0.00082   0.00000   0.00737   0.07474   0.11387   0.15732   0.12962   0.02794   0.00178   0.00344   0.01777   0.04292   0.00110   0.00461   0.03719   0.04215   0.05069   0.00507   0.00000   0.00169   0.00155   0.00339   0.00665   0.01133   0.00233   0.02851   0.01386   0.02119   0.00952   0.02715   0.01724   0.04266   0.02866   0.04908   0.02393   0.00450   0.01219   0.01987   0.09430   0.01942   0.00836   0.01820   0.00535   0.03430   0.07772   0.05290   0.08077   0.10773   0.06420   0.10480   0.09318   0.97257  
 84  0.0032  18709.760471  x:  0.06024   0.01056   0.00000   0.00348   0.02480   0.07362   0.05803   0.00783   0.06823   0.02627   0.01130   0.02516   0.01227   0.00494   0.00083   0.00082   0.00492   0.02250   0.00246   0.00081   0.00000   0.00494   0.00166   0.00576   0.00081   0.00083   0.00000   0.00735   0.07475   0.11357   0.15730   0.12950   0.02756   0.00178   0.00345   0.01776   0.04296   0.00114   0.00458   0.03707   0.04208   0.05055   0.00508   0.00000   0.00169   0.00159   0.00323   0.00665   0.01133   0.00231   0.02847   0.01384   0.02118   0.00953   0.02713   0.01733   0.04255   0.02862   0.04900   0.02386   0.00450   0.01207   0.01987   0.09423   0.01942   0.00841   0.01806   0.00531   0.03428   0.07766   0.05288   0.08066   0.10741   0.06398   0.10455   0.09327   0.97075  
 85  0.0014  18709.753431  x:  0.06029   0.01059   0.00000   0.00356   0.02485   0.07365   0.05802   0.00781   0.06826   0.02624   0.01130   0.02514   0.01225   0.00495   0.00083   0.00083   0.00494   0.02251   0.00248   0.00082   0.00000   0.00492   0.00164   0.00577   0.00080   0.00083   0.00000   0.00736   0.07483   0.11363   0.15731   0.12965   0.02733   0.00172   0.00345   0.01778   0.04294   0.00116   0.00457   0.03709   0.04216   0.05059   0.00506   0.00000   0.00168   0.00158   0.00334   0.00663   0.01131   0.00227   0.02847   0.01377   0.02119   0.00953   0.02709   0.01733   0.04256   0.02865   0.04905   0.02386   0.00451   0.01201   0.01988   0.09430   0.01944   0.00839   0.01803   0.00530   0.03426   0.07772   0.05288   0.08065   0.10759   0.06386   0.10450   0.09330   0.96961  
 86  0.0013  18709.750331  x:  0.06028   0.01064   0.00000   0.00360   0.02489   0.07370   0.05807   0.00781   0.06827   0.02624   0.01130   0.02516   0.01222   0.00497   0.00082   0.00082   0.00495   0.02256   0.00246   0.00082   0.00000   0.00492   0.00163   0.00576   0.00080   0.00082   0.00000   0.00737   0.07483   0.11378   0.15737   0.12978   0.02721   0.00177   0.00344   0.01779   0.04295   0.00116   0.00459   0.03713   0.04228   0.05068   0.00505   0.00000   0.00167   0.00156   0.00330   0.00663   0.01131   0.00230   0.02849   0.01376   0.02121   0.00953   0.02711   0.01729   0.04265   0.02871   0.04908   0.02390   0.00451   0.01206   0.01988   0.09442   0.01945   0.00837   0.01804   0.00530   0.03426   0.07776   0.05290   0.08073   0.10788   0.06393   0.10464   0.09331   0.96938  
 87  0.0005  18709.749710  x:  0.06026   0.01067   0.00000   0.00362   0.02489   0.07371   0.05809   0.00780   0.06828   0.02624   0.01131   0.02517   0.01223   0.00496   0.00082   0.00082   0.00494   0.02256   0.00247   0.00082   0.00000   0.00492   0.00164   0.00576   0.00081   0.00082   0.00000   0.00737   0.07483   0.11387   0.15747   0.12977   0.02719   0.00175   0.00344   0.01779   0.04297   0.00116   0.00458   0.03713   0.04231   0.05069   0.00506   0.00000   0.00167   0.00157   0.00331   0.00664   0.01132   0.00230   0.02850   0.01379   0.02121   0.00954   0.02713   0.01729   0.04264   0.02875   0.04907   0.02391   0.00451   0.01208   0.01988   0.09443   0.01945   0.00841   0.01806   0.00531   0.03427   0.07777   0.05288   0.08075   0.10795   0.06400   0.10470   0.09329   0.96975  
 88  0.0003  18709.749376  x:  0.06026   0.01068   0.00000   0.00363   0.02487   0.07371   0.05809   0.00780   0.06829   0.02626   0.01131   0.02518   0.01224   0.00496   0.00082   0.00082   0.00494   0.02255   0.00247   0.00082   0.00000   0.00493   0.00164   0.00577   0.00082   0.00082   0.00000   0.00737   0.07482   0.11386   0.15750   0.12974   0.02719   0.00177   0.00344   0.01779   0.04298   0.00115   0.00458   0.03712   0.04230   0.05067   0.00506   0.00000   0.00166   0.00157   0.00331   0.00664   0.01132   0.00229   0.02850   0.01379   0.02120   0.00954   0.02714   0.01730   0.04263   0.02875   0.04906   0.02390   0.00451   0.01206   0.01988   0.09442   0.01945   0.00839   0.01807   0.00531   0.03427   0.07777   0.05289   0.08075   0.10795   0.06401   0.10471   0.09329   0.96979  
 89  0.0001  18709.749070  x:  0.06026   0.01068   0.00000   0.00364   0.02486   0.07370   0.05808   0.00780   0.06829   0.02626   0.01131   0.02517   0.01224   0.00497   0.00082   0.00082   0.00494   0.02254   0.00247   0.00082   0.00000   0.00492   0.00163   0.00577   0.00082   0.00082   0.00000   0.00737   0.07482   0.11383   0.15747   0.12972   0.02720   0.00176   0.00344   0.01779   0.04298   0.00114   0.00459   0.03712   0.04228   0.05066   0.00506   0.00000   0.00165   0.00157   0.00331   0.00664   0.01132   0.00231   0.02850   0.01378   0.02120   0.00953   0.02713   0.01731   0.04262   0.02873   0.04906   0.02389   0.00451   0.01206   0.01988   0.09440   0.01945   0.00838   0.01808   0.00531   0.03427   0.07777   0.05290   0.08073   0.10792   0.06398   0.10468   0.09330   0.96970  
 90  0.0001  18709.748850  x:  0.06026   0.01067   0.00000   0.00365   0.02487   0.07370   0.05808   0.00780   0.06829   0.02624   0.01130   0.02516   0.01223   0.00496   0.00082   0.00082   0.00494   0.02255   0.00247   0.00082   0.00000   0.00492   0.00164   0.00576   0.00082   0.00082   0.00000   0.00737   0.07484   0.11381   0.15742   0.12974   0.02721   0.00176   0.00344   0.01779   0.04296   0.00113   0.00459   0.03713   0.04227   0.05068   0.00506   0.00000   0.00165   0.00157   0.00331   0.00663   0.01132   0.00230   0.02849   0.01378   0.02121   0.00954   0.02712   0.01729   0.04263   0.02872   0.04907   0.02390   0.00451   0.01207   0.01988   0.09439   0.01945   0.00840   0.01808   0.00531   0.03426   0.07776   0.05289   0.08073   0.10789   0.06397   0.10466   0.09331   0.96965  
 91  0.0001  18709.748759  x:  0.06025   0.01066   0.00000   0.00365   0.02488   0.07371   0.05808   0.00780   0.06829   0.02624   0.01131   0.02517   0.01223   0.00496   0.00082   0.00082   0.00494   0.02256   0.00247   0.00082   0.00000   0.00492   0.00164   0.00576   0.00082   0.00082   0.00000   0.00737   0.07484   0.11385   0.15744   0.12976   0.02722   0.00176   0.00344   0.01779   0.04296   0.00113   0.00459   0.03713   0.04228   0.05069   0.00506   0.00000   0.00165   0.00156   0.00331   0.00664   0.01132   0.00230   0.02849   0.01378   0.02121   0.00954   0.02713   0.01729   0.04263   0.02872   0.04907   0.02391   0.00451   0.01206   0.01988   0.09439   0.01945   0.00839   0.01807   0.00531   0.03426   0.07777   0.05289   0.08074   0.10790   0.06398   0.10467   0.09331   0.96973  
 92  0.0001  18709.748734  x:  0.06025   0.01066   0.00000   0.00366   0.02488   0.07371   0.05808   0.00780   0.06829   0.02625   0.01131   0.02517   0.01223   0.00496   0.00082   0.00082   0.00494   0.02255   0.00247   0.00082   0.00000   0.00492   0.00164   0.00577   0.00082   0.00082   0.00000   0.00737   0.07484   0.11384   0.15745   0.12975   0.02722   0.00176   0.00344   0.01779   0.04297   0.00113   0.00459   0.03713   0.04229   0.05069   0.00506   0.00000   0.00165   0.00157   0.00331   0.00664   0.01132   0.00230   0.02850   0.01378   0.02121   0.00954   0.02713   0.01730   0.04263   0.02873   0.04907   0.02390   0.00451   0.01207   0.01988   0.09439   0.01945   0.00839   0.01807   0.00531   0.03426   0.07777   0.05289   0.08073   0.10791   0.06399   0.10468   0.09331   0.96972  
 93  0.0000  18709.748717  x:  0.06024   0.01066   0.00000   0.00366   0.02488   0.07371   0.05808   0.00780   0.06829   0.02625   0.01131   0.02517   0.01223   0.00496   0.00082   0.00082   0.00494   0.02255   0.00247   0.00082   0.00000   0.00492   0.00164   0.00576   0.00082   0.00082   0.00000   0.00737   0.07484   0.11383   0.15745   0.12974   0.02722   0.00176   0.00344   0.01779   0.04297   0.00112   0.00459   0.03713   0.04229   0.05069   0.00506   0.00000   0.00165   0.00157   0.00331   0.00664   0.01132   0.00230   0.02849   0.01378   0.02121   0.00954   0.02713   0.01730   0.04262   0.02873   0.04907   0.02390   0.00451   0.01207   0.01988   0.09439   0.01945   0.00840   0.01807   0.00531   0.03426   0.07777   0.05290   0.08073   0.10792   0.06398   0.10468   0.09331   0.96969  
 94  0.0000  18709.748709  x:  0.06024   0.01066   0.00000   0.00366   0.02487   0.07371   0.05808   0.00780   0.06829   0.02624   0.01131   0.02517   0.01223   0.00496   0.00082   0.00082   0.00494   0.02255   0.00247   0.00082   0.00000   0.00492   0.00164   0.00576   0.00082   0.00082   0.00000   0.00737   0.07484   0.11384   0.15745   0.12974   0.02722   0.00176   0.00344   0.01779   0.04297   0.00112   0.00459   0.03713   0.04229   0.05069   0.00506   0.00000   0.00165   0.00157   0.00331   0.00664   0.01132   0.00230   0.02849   0.01378   0.02121   0.00954   0.02713   0.01730   0.04263   0.02873   0.04907   0.02390   0.00451   0.01206   0.01988   0.09439   0.01945   0.00839   0.01807   0.00531   0.03426   0.07777   0.05289   0.08073   0.10791   0.06398   0.10468   0.09332   0.96971  
 95  0.0000  18709.748709  x:  0.06024   0.01066   0.00000   0.00366   0.02487   0.07371   0.05808   0.00780   0.06829   0.02624   0.01131   0.02517   0.01223   0.00496   0.00082   0.00082   0.00494   0.02255   0.00247   0.00082   0.00000   0.00492   0.00164   0.00576   0.00082   0.00082   0.00000   0.00737   0.07484   0.11384   0.15745   0.12974   0.02722   0.00176   0.00344   0.01779   0.04297   0.00112   0.00459   0.03713   0.04228   0.05069   0.00506   0.00000   0.00165   0.00157   0.00331   0.00664   0.01132   0.00230   0.02849   0.01378   0.02121   0.00954   0.02713   0.01730   0.04263   0.02873   0.04907   0.02390   0.00451   0.01206   0.01988   0.09439   0.01945   0.00839   0.01807   0.00531   0.03426   0.07777   0.05289   0.08073   0.10791   0.06398   0.10468   0.09332   0.96971  